cellName,zone,surfaceSize,coordinate
C29266038287828230,Z29266038287828230,2.25,(10.911999999838827|3.2899999999405054) (10.73710101422728|4.274586382556095) (8.921601014220872|3.9520863825709687) (9.096499999832417|2.967499999955379)
C29266038287828231,Z29266038287828230,2.25,(10.911999999838827|3.2899999999405054) (11.086898985450373|2.3054136173249162) (9.271398985443962|1.9829136173397894) (9.096499999832417|2.967499999955379)
C29266038287828232,Z29266038287828230,2.25,(9.096499999832417|2.967499999955379) (8.921601014220872|3.9520863825709687) (7.106101014214462|3.629586382585842) (7.280999999826008|2.6449999999702527)
C29266038287828233,Z29266038287828230,2.25,(9.096499999832417|2.967499999955379) (9.271398985443962|1.9829136173397894) (7.455898985437554|1.660413617354663) (7.280999999826008|2.6449999999702527)
C29266038287828234,Z29266038287828231,2.25,(7.280999999826008|2.6449999999702527) (7.106101014214462|3.629586382585842) (5.290601014208052|3.3070863826007155) (5.465499999819599|2.3224999999851264)
C29266038287828235,Z29266038287828231,2.25,(7.280999999826008|2.6449999999702527) (7.455898985437554|1.660413617354663) (5.640398985431146|1.3379136173695367) (5.465499999819599|2.3224999999851264)
C29266038287828236,Z29266038287828231,2.25,(5.465499999819599|2.3224999999851264) (5.290601014208052|3.3070863826007155) (3.4751010142016434|2.9845863826155896) (3.64999999981319|2.0)
C29266038287828237,Z29266038287828231,2.25,(5.465499999819599|2.3224999999851264) (5.640398985431146|1.3379136173695367) (3.824898985424736|1.0154136173844104) (3.64999999981319|2.0)
C2926603818594013860,Z2926603818594013860,2.25,(10.911999999838827|3.2899999999405054) (10.775160353250191|4.280593211668457) (12.664560353288868|4.541593211677405) (12.801399999877503|3.550999999949454)
C2926603818594013861,Z2926603818594013860,2.25,(10.911999999838827|3.2899999999405054) (11.048839646427462|2.299406788212554) (12.938239646466139|2.5604067882215027) (12.801399999877503|3.550999999949454)
C2926603818594013862,Z2926603818594013860,2.25,(12.801399999877503|3.550999999949454) (12.664560353288868|4.541593211677405) (14.553960353327545|4.802593211686354) (14.69079999991618|3.8119999999584024)
C2926603818594013863,Z2926603818594013860,2.25,(12.801399999877503|3.550999999949454) (12.938239646466139|2.5604067882215027) (14.827639646504815|2.821406788230451) (14.69079999991618|3.8119999999584024)
C2926603818594013864,Z2926603818594013861,2.25,(14.69079999991618|3.8119999999584024) (14.553960353327545|4.802593211686354) (16.443360353366224|5.063593211695303) (16.580199999954857|4.072999999967351)
C2926603818594013865,Z2926603818594013861,2.25,(14.69079999991618|3.8119999999584024) (14.827639646504815|2.821406788230451) (16.71703964654349|3.0824067882393993) (16.580199999954857|4.072999999967351)
C2926603818594013866,Z2926603818594013861,2.25,(16.580199999954857|4.072999999967351) (16.443360353366224|5.063593211695303) (18.3327603534049|5.324593211704251) (18.469599999993534|4.3339999999762995)
C2926603818594013867,Z2926603818594013861,2.25,(16.580199999954857|4.072999999967351) (16.71703964654349|3.0824067882393993) (18.606439646582167|3.3434067882483487) (18.469599999993534|4.3339999999762995)
C2926603818594013868,Z2926603818594013862,2.25,(18.469599999993534|4.3339999999762995) (18.3327603534049|5.324593211704251) (20.222160353443577|5.585593211713199) (20.35900000003221|4.594999999985248)
C2926603818594013869,Z2926603818594013862,2.25,(18.469599999993534|4.3339999999762995) (18.606439646582167|3.3434067882483487) (20.495839646620844|3.604406788257297) (20.35900000003221|4.594999999985248)
C29266038292660840,Z29266038292660840,2.25,(10.911999999838827|3.2899999999405054) (11.889452965562604|3.5011532613356184) (11.528827965584943|5.170528261339705) (10.551374999861139|4.959374999944586)
C29266038292660841,Z29266038292660840,2.25,(10.911999999838827|3.2899999999405054) (9.934547034115049|3.0788467385453924) (9.573922034137336|4.748221738549468) (10.551374999861139|4.959374999944586)
C29266038292660842,Z29266038292660840,2.25,(10.551374999861139|4.959374999944586) (11.528827965584943|5.170528261339705) (11.168202965607275|6.83990326134379) (10.190749999883451|6.628749999948667)
C29266038292660843,Z29266038292660840,2.25,(10.551374999861139|4.959374999944586) (9.573922034137336|4.748221738549468) (9.21329703415963|6.417596738553545) (10.190749999883451|6.628749999948667)
C29266038292660844,Z29266038292660841,2.25,(10.190749999883451|6.628749999948667) (11.168202965607275|6.83990326134379) (10.80757796562948|8.509278261347848) (9.830124999905763|8.298124999952748)
C29266038292660845,Z29266038292660841,2.25,(10.190749999883451|6.628749999948667) (9.21329703415963|6.417596738553545) (8.852672034182046|8.086971738557647) (9.830124999905763|8.298124999952748)
C29266038292660846,Z29266038292660841,2.25,(9.830124999905763|8.298124999952748) (10.80757796562948|8.509278261347848) (10.446952965651862|10.178653261351943) (9.469499999928075|9.967499999956829)
C29266038292660847,Z29266038292660841,2.25,(9.830124999905763|8.298124999952748) (8.852672034182046|8.086971738557647) (8.492047034204289|9.756346738561714) (9.469499999928075|9.967499999956829)
C29266038292660848,Z29266038292660842,2.25,(9.469499999928075|9.967499999956829) (10.446952965651862|10.178653261351943) (10.086327965674034|11.848028261355994) (9.108874999950388|11.63687499996091)
C29266038292660849,Z29266038292660842,2.25,(9.469499999928075|9.967499999956829) (8.492047034204289|9.756346738561714) (8.131422034226741|11.425721738565825) (9.108874999950388|11.63687499996091)
C292660382926608410,Z29266038292660842,2.25,(9.108874999950388|11.63687499996091) (10.086327965674034|11.848028261355994) (9.725702965696346|13.517403261360075) (8.7482499999727|13.30624999996499)
C292660382926608411,Z29266038292660842,2.25,(9.108874999950388|11.63687499996091) (8.131422034226741|11.425721738565825) (7.770797034249052|13.095096738569906) (8.7482499999727|13.30624999996499)
C292660382926608412,Z29266038292660843,2.25,(8.7482499999727|13.30624999996499) (9.725702965696346|13.517403261360075) (9.365077965718939|15.186778261364216) (8.387624999995012|14.975624999969071)
C292660382926608413,Z29266038292660843,2.25,(8.7482499999727|13.30624999996499) (7.770797034249052|13.095096738569906) (7.410172034271086|14.764471738573926) (8.387624999995012|14.975624999969071)
C292660382926608414,Z29266038292660843,2.25,(8.387624999995012|14.975624999969071) (9.365077965718939|15.186778261364216) (9.004452965741258|16.8561532613683) (8.027000000017324|16.64499999997315)
C292660382926608415,Z29266038292660843,2.25,(8.387624999995012|14.975624999969071) (7.410172034271086|14.764471738573926) (7.049547034293398|16.433846738578005) (8.027000000017324|16.64499999997315)
C292660412493609330,Z292660412493609330,2.25,(31.020000000059554|6.824999999968327) (30.787210418280814|7.797527125870365) (28.53821041821781|7.259193792546162) (28.770999999996548|6.286666666644123)
C292660412493609331,Z292660412493609330,2.25,(31.020000000059554|6.824999999968327) (31.252789581838293|5.852472874066288) (29.003789581775287|5.314139540742085) (28.770999999996548|6.286666666644123)
C292660412493609332,Z292660412493609330,2.25,(28.770999999996548|6.286666666644123) (28.53821041821781|7.259193792546162) (26.289210418154802|6.720860459221958) (26.52199999993354|5.74833333331992)
C292660412493609333,Z292660412493609330,2.25,(28.770999999996548|6.286666666644123) (29.003789581775287|5.314139540742085) (26.75478958171228|4.775806207417881) (26.52199999993354|5.74833333331992)
C292660412493609334,Z292660412493609331,2.25,(26.52199999993354|5.74833333331992) (26.289210418154802|6.720860459221958) (24.040210418091796|6.182527125897755) (24.272999999870535|5.209999999995716)
C292660412493609335,Z292660412493609331,2.25,(26.52199999993354|5.74833333331992) (26.75478958171228|4.775806207417881) (24.505789581649275|4.237472874093678) (24.272999999870535|5.209999999995716)
C29266041281859440,Z29266041281859440,2.25,(31.020000000059554|6.824999999968327) (30.04926023606131|7.065133942993029) (30.519926902733395|8.96780060965445) (31.490666666731613|8.727666666629755)
C29266041281859441,Z29266041281859440,2.25,(31.020000000059554|6.824999999968327) (31.990739764057796|6.584866056943625) (32.461406430729824|8.48753272360506) (31.490666666731613|8.727666666629755)
C29266041281859442,Z29266041281859440,2.25,(31.490666666731613|8.727666666629755) (30.519926902733395|8.96780060965445) (30.99059356940529|10.870467276315917) (31.961333333403672|10.630333333291182)
C29266041281859443,Z29266041281859440,2.25,(31.490666666731613|8.727666666629755) (32.461406430729824|8.48753272360506) (32.93207309740205|10.390199390266446) (31.961333333403672|10.630333333291182)
C29266041281859444,Z29266041281859441,2.25,(31.961333333403672|10.630333333291182) (30.99059356940529|10.870467276315917) (31.46126023607735|12.773133942977344) (32.43200000007573|12.532999999952608)
C29266041281859445,Z29266041281859441,2.25,(31.961333333403672|10.630333333291182) (32.93207309740205|10.390199390266446) (33.402739764074106|12.292866056927874) (32.43200000007573|12.532999999952608)
C2926604120392096320,Z2926604120392096320,2.25,(31.020000000059554|6.824999999968327) (31.38784995326737|7.754885160579576) (32.611349953247874|7.270885160572319) (32.24350000004006|6.34099999996107)
C2926604120392096321,Z2926604120392096320,2.25,(31.020000000059554|6.824999999968327) (30.652150046851737|5.895114839357078) (31.87565004683224|5.411114839349822) (32.24350000004006|6.34099999996107)
C2926604120392096322,Z2926604120392096320,2.25,(32.24350000004006|6.34099999996107) (32.611349953247874|7.270885160572319) (33.83484995322838|6.786885160565062) (33.46700000002056|5.856999999953814)
C2926604120392096323,Z2926604120392096320,2.25,(32.24350000004006|6.34099999996107) (31.87565004683224|5.411114839349822) (33.099150046812746|4.927114839342566) (33.46700000002056|5.856999999953814)
C29266084287828200,Z29266084287828200,2.25,(8.027000000017324|16.64499999997315) (8.21584135043091|17.627007609095372) (6.206841350425137|18.013340942419646) (6.01800000001155|17.031333333297425)
C29266084287828201,Z29266084287828200,2.25,(8.027000000017324|16.64499999997315) (7.838158649603737|15.662992390850931) (5.829158649597963|16.049325724175205) (6.01800000001155|17.031333333297425)
C29266084287828202,Z29266084287828200,2.25,(6.01800000001155|17.031333333297425) (6.206841350425137|18.013340942419646) (4.197841350419362|18.39967427574392) (4.009000000005775|17.4176666666217)
C29266084287828203,Z29266084287828200,2.25,(6.01800000001155|17.031333333297425) (5.829158649597963|16.049325724175205) (3.8201586495921873|16.43565905749948) (4.009000000005775|17.4176666666217)
C29266084287828204,Z29266084287828201,2.25,(4.009000000005775|17.4176666666217) (4.197841350419362|18.39967427574392) (2.188841350413591|18.78600760906821) (2.0|17.803999999945972)
C29266084287828205,Z29266084287828201,2.25,(4.009000000005775|17.4176666666217) (3.8201586495921873|16.43565905749948) (1.8111586495864092|16.821992390823734) (2.0|17.803999999945972)
C2926608418352034930,Z2926608418352034930,2.25,(8.027000000017324|16.64499999997315) (8.993132458452278|16.903046648389235) (8.637632458383845|18.23404664838264) (7.671499999948537|17.97599999996646)
C2926608418352034931,Z2926608418352034930,2.25,(8.027000000017324|16.64499999997315) (7.06086754158237|16.386953351557068) (6.705367541513231|17.717953351550282) (7.671499999948537|17.97599999996646)
C2926608418352034932,Z2926608418352034930,2.25,(7.671499999948537|17.97599999996646) (8.637632458383845|18.23404664838264) (8.282132458314338|19.56504664837576) (7.31599999987975|19.30699999995977)
C2926608418352034933,Z2926608418352034930,2.25,(7.671499999948537|17.97599999996646) (6.705367541513231|17.717953351550282) (6.349867541445162|19.048953351543783) (7.31599999987975|19.30699999995977)
C2878280918594013900,Z2878280918594013900,2.25,(3.067000000034568|35.831000000006384) (2.9259975496768513|36.82100924692951) (5.043597549639614|37.122609246929656) (5.184599999997317|36.13260000000662)
C2878280918594013901,Z2878280918594013900,2.25,(3.067000000034568|35.831000000006384) (3.208002450392285|34.840990753083254) (5.325602450355021|35.14259075308358) (5.184599999997317|36.13260000000662)
C2878280918594013902,Z2878280918594013900,2.25,(5.184599999997317|36.13260000000662) (5.043597549639614|37.122609246929656) (7.16119754960235|37.42420924692998) (7.302199999960067|36.434200000006854)
C2878280918594013903,Z2878280918594013900,2.25,(5.184599999997317|36.13260000000662) (5.325602450355021|35.14259075308358) (7.443202450317783|35.444190753083724) (7.302199999960067|36.434200000006854)
C2878280918594013904,Z2878280918594013901,2.25,(7.302199999960067|36.434200000006854) (7.16119754960235|37.42420924692998) (9.278797549565112|37.725809246930126) (9.419799999922816|36.73580000000709)
C2878280918594013905,Z2878280918594013901,2.25,(7.302199999960067|36.434200000006854) (7.443202450317783|35.444190753083724) (9.56080245028052|35.74579075308405) (9.419799999922816|36.73580000000709)
C2878280918594013906,Z2878280918594013901,2.25,(9.419799999922816|36.73580000000709) (9.278797549565112|37.725809246930126) (11.396397549527848|38.02740924693045) (11.537399999885565|37.037400000007324)
C2878280918594013907,Z2878280918594013901,2.25,(9.419799999922816|36.73580000000709) (9.56080245028052|35.74579075308405) (11.678402450243283|36.047390753084194) (11.537399999885565|37.037400000007324)
C2878280918594013908,Z2878280918594013902,2.25,(11.537399999885565|37.037400000007324) (11.396397549527848|38.02740924693045) (13.513997549490611|38.329009246930596) (13.654999999848314|37.33900000000756)
C2878280918594013909,Z2878280918594013902,2.25,(11.537399999885565|37.037400000007324) (11.678402450243283|36.047390753084194) (13.796002450206018|36.34899075308452) (13.654999999848314|37.33900000000756)
C28782809287828180,Z28782809287828180,2.25,(3.067000000034568|35.831000000006384) (4.056583080134313|35.97496293824495) (4.294440222954182|34.33996293824087) (3.3048571428596136|34.19600000000306)
C28782809287828181,Z28782809287828180,2.25,(3.067000000034568|35.831000000006384) (2.077416919934823|35.68703706176782) (2.315274062765045|34.05203706176525) (3.3048571428596136|34.19600000000306)
C28782809287828182,Z28782809287828180,2.25,(3.3048571428596136|34.19600000000306) (4.294440222954182|34.33996293824087) (4.532297365779202|32.70496293823756) (3.542714285684659|32.560999999999744)
C28782809287828183,Z28782809287828180,2.25,(3.3048571428596136|34.19600000000306) (2.315274062765045|34.05203706176525) (2.553131205590115|32.41703706176193) (3.542714285684659|32.560999999999744)
C28782809287828184,Z28782809287828181,2.25,(3.542714285684659|32.560999999999744) (4.532297365779202|32.70496293823756) (4.7701545086094495|31.06996293823499) (3.7805714285097043|30.925999999996424)
C28782809287828185,Z28782809287828181,2.25,(3.542714285684659|32.560999999999744) (2.553131205590115|32.41703706176193) (2.790988348409959|30.78203706175786) (3.7805714285097043|30.925999999996424)
C28782809287828186,Z28782809287828181,2.25,(3.7805714285097043|30.925999999996424) (4.7701545086094495|31.06996293823499) (5.008011651431906|29.43496293823129) (4.01842857133475|29.2909999999931)
C28782809287828187,Z28782809287828181,2.25,(3.7805714285097043|30.925999999996424) (2.790988348409959|30.78203706175786) (3.0288454912376173|29.147037061754915) (4.01842857133475|29.2909999999931)
C28782809287828188,Z28782809287828182,2.25,(4.01842857133475|29.2909999999931) (5.008011651431906|29.43496293823129) (5.2458687942543145|27.799962938227587) (4.256285714159795|27.65599999998978)
C28782809287828189,Z28782809287828182,2.25,(4.01842857133475|29.2909999999931) (3.0288454912376173|29.147037061754915) (3.2667026340652514|27.512037061751972) (4.256285714159795|27.65599999998978)
C287828092878281810,Z28782809287828182,2.25,(4.256285714159795|27.65599999998978) (5.2458687942543145|27.799962938227587) (5.4837259370819735|26.164962938224647) (4.4941428569848405|26.02099999998646)
C287828092878281811,Z28782809287828182,2.25,(4.256285714159795|27.65599999998978) (3.2667026340652514|27.512037061751972) (3.5045597768876844|25.877037061748272) (4.4941428569848405|26.02099999998646)
C287828092878281812,Z28782809287828183,2.25,(4.4941428569848405|26.02099999998646) (5.4837259370819735|26.164962938224647) (5.7215830799070435|24.52996293822133) (4.7319999998098865|24.38599999998314)
C287828092878281813,Z28782809287828183,2.25,(4.4941428569848405|26.02099999998646) (3.5045597768876844|25.877037061748272) (3.7424169197127295|24.242037061744952) (4.7319999998098865|24.38599999998314)
C2878281818352034930,Z2878281818352034930,2.25,(4.7319999998098865|24.38599999998314) (5.623281763319605|24.839449906846852) (6.484615096676388|23.146449906839145) (5.593333333166507|22.692999999975353)
C2878281818352034931,Z2878281818352034930,2.25,(4.7319999998098865|24.38599999998314) (3.8407182363001677|23.93255009311943) (4.702051569656636|22.239550093111564) (5.593333333166507|22.692999999975353)
C2878281818352034932,Z2878281818352034930,2.25,(5.593333333166507|22.692999999975353) (6.484615096676388|23.146449906839145) (7.345948430033001|21.45344990683135) (6.454666666523129|20.99999999996756)
C2878281818352034933,Z2878281818352034930,2.25,(5.593333333166507|22.692999999975353) (4.702051569656636|22.239550093111564) (5.563384903013249|20.546550093103768) (6.454666666523129|20.99999999996756)
C2878281818352034934,Z2878281818352034931,2.25,(6.454666666523129|20.99999999996756) (7.345948430033001|21.45344990683135) (8.207281763389469|19.76044990682348) (7.31599999987975|19.30699999995977)
C2878281818352034935,Z2878281818352034931,2.25,(6.454666666523129|20.99999999996756) (5.563384903013249|20.546550093103768) (6.424718236370024|18.853550093096057) (7.31599999987975|19.30699999995977)
C28782818287828200,Z28782818287828200,2.25,(4.7319999998098865|24.38599999998314) (3.8084008367298656|24.769359603955305) (3.125400836777394|23.123859603946013) (4.048999999857415|22.74049999997385)
C28782818287828201,Z28782818287828200,2.25,(4.7319999998098865|24.38599999998314) (5.655599162889916|24.002640396010975) (4.972599162937445|22.357140396001682) (4.048999999857415|22.74049999997385)
C28782818287828202,Z28782818287828200,2.25,(4.048999999857415|22.74049999997385) (3.125400836777394|23.123859603946013) (2.442400836824657|21.47835960393683) (3.3659999999049433|21.094999999964557)
C28782818287828203,Z28782818287828200,2.25,(4.048999999857415|22.74049999997385) (4.972599162937445|22.357140396001682) (4.289599162985221|20.711640395992287) (3.3659999999049433|21.094999999964557)
C28782818287828204,Z28782818287828201,2.25,(3.3659999999049433|21.094999999964557) (2.442400836824657|21.47835960393683) (1.7594008368721852|19.832859603927538) (2.6829999999524716|19.449499999955265)
C28782818287828205,Z28782818287828201,2.25,(3.3659999999049433|21.094999999964557) (4.289599162985221|20.711640395992287) (3.606599163032749|19.066140395982995) (2.6829999999524716|19.449499999955265)
C28782818287828206,Z28782818287828201,2.25,(2.6829999999524716|19.449499999955265) (1.7594008368721852|19.832859603927538) (1.076400836919842|18.187359603918193) (2.0|17.803999999945972)
C28782818287828207,Z28782818287828201,2.25,(2.6829999999524716|19.449499999955265) (3.606599163032749|19.066140395982995) (2.9235991630801537|17.420640395973756) (2.0|17.803999999945972)
C28782820287828230,Z28782820287828230,2.25,(2.0|17.803999999945972) (2.994594062148021|17.907839547045697) (3.177927395459305|16.151839547051566) (2.183333333312577|16.047999999951976)
C28782820287828231,Z28782820287828230,2.25,(2.0|17.803999999945972) (1.0054059378519957|17.700160452846248) (1.1887392711658316|15.944160452852385) (2.183333333312577|16.047999999951976)
C28782820287828232,Z28782820287828230,2.25,(2.183333333312577|16.047999999951976) (3.177927395459305|16.151839547051566) (3.3612607287731744|14.395839547057703) (2.3666666666251532|14.291999999957978)
C28782820287828233,Z28782820287828230,2.25,(2.183333333312577|16.047999999951976) (1.1887392711658316|15.944160452852385) (1.372072604477132|14.188160452858254) (2.3666666666251532|14.291999999957978)
C28782820287828234,Z28782820287828231,2.25,(2.3666666666251532|14.291999999957978) (3.3612607287731744|14.395839547057703) (3.5445940620844754|12.639839547063573) (2.54999999993773|12.535999999963982)
C28782820287828235,Z28782820287828231,2.25,(2.3666666666251532|14.291999999957978) (1.372072604477132|14.188160452858254) (1.5554059377909848|12.432160452864391) (2.54999999993773|12.535999999963982)
C28782820287828236,Z28782820287828231,2.25,(2.54999999993773|12.535999999963982) (3.5445940620844754|12.639839547063573) (3.727927395397681|10.883839547069641) (2.7333333332503065|10.779999999969984)
C28782820287828237,Z28782820287828231,2.25,(2.54999999993773|12.535999999963982) (1.5554059377909848|12.432160452864391) (1.738739271102932|10.676160452870327) (2.7333333332503065|10.779999999969984)
C28782820287828238,Z28782820287828232,2.25,(2.7333333332503065|10.779999999969984) (3.727927395397681|10.883839547069641) (3.9112607287096197|9.127839547075578) (2.9166666665628833|9.023999999975988)
C28782820287828239,Z28782820287828232,2.25,(2.7333333332503065|10.779999999969984) (1.738739271102932|10.676160452870327) (1.922072604416138|8.920160452876397) (2.9166666665628833|9.023999999975988)
C287828202878282310,Z28782820287828232,2.25,(2.9166666665628833|9.023999999975988) (3.9112607287096197|9.127839547075578) (4.094594062022358|7.371839547081598) (3.09999999987546|7.267999999981991)
C287828202878282311,Z28782820287828232,2.25,(2.9166666665628833|9.023999999975988) (1.922072604416138|8.920160452876397) (2.1054059377285617|7.164160452882384) (3.09999999987546|7.267999999981991)
C287828202878282312,Z28782820287828233,2.25,(3.09999999987546|7.267999999981991) (4.094594062022358|7.371839547081598) (4.277927395335011|5.615839547087609) (3.2833333331880366|5.511999999987994)
C287828202878282313,Z28782820287828233,2.25,(3.09999999987546|7.267999999981991) (2.1054059377285617|7.164160452882384) (2.2887392710410577|5.408160452888378) (3.2833333331880366|5.511999999987994)
C287828202878282314,Z28782820287828233,2.25,(3.2833333331880366|5.511999999987994) (4.277927395335011|5.615839547087609) (4.4612607286476305|3.8598395470936167) (3.466666666500613|3.755999999993997)
C287828202878282315,Z28782820287828233,2.25,(3.2833333331880366|5.511999999987994) (2.2887392710410577|5.408160452888378) (2.4720726043535937|3.6521604528943774) (3.466666666500613|3.755999999993997)
C287828202878282316,Z28782820287828234,2.25,(3.466666666500613|3.755999999993997) (4.4612607286476305|3.8598395470936167) (4.644594061960227|2.103839547099622) (3.64999999981319|2.0)
C287828202878282317,Z28782820287828234,2.25,(3.466666666500613|3.755999999993997) (2.4720726043535937|3.6521604528943774) (2.6554059376661523|1.8961604529003782) (3.64999999981319|2.0)
C24936093318594013860,Z24936093318594013860,2.25,(24.272999999870535|5.209999999995716) (24.117776240965917|6.197879337096925) (22.160776241046754|5.89037933709169) (22.315999999951373|4.902499999990482)
C24936093318594013861,Z24936093318594013860,2.25,(24.272999999870535|5.209999999995716) (24.428223758775154|4.2221206628945085) (22.47122375885599|3.9146206628892743) (22.315999999951373|4.902499999990482)
C24936093318594013862,Z24936093318594013860,2.25,(22.315999999951373|4.902499999990482) (22.160776241046754|5.89037933709169) (20.203776241127592|5.582879337086455) (20.35900000003221|4.594999999985248)
C24936093318594013863,Z24936093318594013860,2.25,(22.315999999951373|4.902499999990482) (22.47122375885599|3.9146206628892743) (20.51422375893683|3.607120662884041) (20.35900000003221|4.594999999985248)
C229906960818337583670,Z229906960818337583670,2.25,(39.55999999981441|17.31700000001024) (38.571746751175574|17.469825117561438) (38.357413417871214|16.083825117541288) (39.345666666510624|15.930999999989998)
C229906960818337583671,Z229906960818337583670,2.25,(39.55999999981441|17.31700000001024) (40.54825324845324|17.16417488245904) (40.33391991515002|15.778174882438712) (39.345666666510624|15.930999999989998)
C229906960818337583672,Z229906960818337583670,2.25,(39.345666666510624|15.930999999989998) (38.357413417871214|16.083825117541288) (38.14308008456743|14.697825117521043) (39.13133333320684|14.544999999969756)
C229906960818337583673,Z229906960818337583670,2.25,(39.345666666510624|15.930999999989998) (40.33391991515002|15.778174882438712) (40.119586581846235|14.39217488241847) (39.13133333320684|14.544999999969756)
C229906960818337583674,Z229906960818337583671,2.25,(39.13133333320684|14.544999999969756) (38.14308008456743|14.697825117521043) (37.928746751264235|13.311825117500714) (38.916999999903055|13.158999999949517)
C229906960818337583675,Z229906960818337583671,2.25,(39.13133333320684|14.544999999969756) (40.119586581846235|14.39217488241847) (39.90525324854189|13.006174882398318) (38.916999999903055|13.158999999949517)
C2818594418337583680,Z2818594418337583680,2.25,(32.43200000007573|12.532999999952608) (31.720941417584584|13.236132769965266) (32.341941417380966|13.864132769985535) (33.0529999998721|13.160999999972887)
C2818594418337583681,Z2818594418337583680,2.25,(32.43200000007573|12.532999999952608) (33.14305858256688|11.829867229939948) (33.76405858236323|12.457867229960238) (33.0529999998721|13.160999999972887)
C2818594414197325870,Z2818594414197325870,2.25,(32.43200000007573|12.532999999952608) (33.43114701899764|12.574294486009567) (33.385147018882236|13.687294486013089) (32.3859999999645|13.645999999956302)
C2818594414197325871,Z2818594414197325870,2.25,(32.43200000007573|12.532999999952608) (31.43285298115382|12.49170551389565) (31.386852981046758|13.604705513899516) (32.3859999999645|13.645999999956302)
C141973258718594013790,Z141973258718594013790,2.25,(32.3859999999645|13.645999999956302) (31.38984601291316|13.733619826927256) (31.473846012757924|14.688619826931959) (32.46999999980926|14.600999999961005)
C141973258718594013791,Z141973258718594013790,2.25,(32.3859999999645|13.645999999956302) (33.382153987015855|13.558380172985347) (33.4661539868606|14.51338017299005) (32.46999999980926|14.600999999961005)
C141973258718337583680,Z141973258718337583680,2.25,(32.3859999999645|13.645999999956302) (32.97409959619986|14.454788516756441) (33.64109959610748|13.969788516773043) (33.0529999998721|13.160999999972887)
C141973258718337583681,Z141973258718337583680,2.25,(32.3859999999645|13.645999999956302) (31.797900403729127|12.837211483156164) (32.46490040363672|12.35221148317273) (33.0529999998721|13.160999999972887)
C141973259018594013630,Z141973259018594013630,2.25,(33.02899999987585|23.401999999994814) (32.86905970885883|24.38912669060213) (30.857809708856376|24.063251690595283) (31.017749999873388|23.07612499998801)
C141973259018594013631,Z141973259018594013630,2.25,(33.02899999987585|23.401999999994814) (33.18894029089287|22.414873309387502) (31.1776902908904|22.088998309380738) (31.017749999873388|23.07612499998801)
C141973259018594013632,Z141973259018594013630,2.25,(31.017749999873388|23.07612499998801) (30.857809708856376|24.063251690595283) (28.8465597088539|23.737376690588558) (29.006499999870925|22.750249999981207)
C141973259018594013633,Z141973259018594013630,2.25,(31.017749999873388|23.07612499998801) (31.1776902908904|22.088998309380738) (29.16644029088795|21.763123309373857) (29.006499999870925|22.750249999981207)
C141973259018594013634,Z141973259018594013631,2.25,(29.006499999870925|22.750249999981207) (28.8465597088539|23.737376690588558) (26.835309708851437|23.411501690581755) (26.995249999868463|22.424374999974404)
C141973259018594013635,Z141973259018594013631,2.25,(29.006499999870925|22.750249999981207) (29.16644029088795|21.763123309373857) (27.15519029088549|21.437248309367053) (26.995249999868463|22.424374999974404)
C141973259018594013636,Z141973259018594013631,2.25,(26.995249999868463|22.424374999974404) (26.835309708851437|23.411501690581755) (24.824059708848967|23.08562669057499) (24.983999999866|22.0984999999676)
C141973259018594013637,Z141973259018594013631,2.25,(26.995249999868463|22.424374999974404) (27.15519029088549|21.437248309367053) (25.143940290883034|21.11137330936021) (24.983999999866|22.0984999999676)
C141973259018594013638,Z141973259018594013632,2.25,(24.983999999866|22.0984999999676) (24.824059708848967|23.08562669057499) (22.81280970884652|22.75975169056811) (22.972749999863538|21.772624999960797)
C141973259018594013639,Z141973259018594013632,2.25,(24.983999999866|22.0984999999676) (25.143940290883034|21.11137330936021) (23.132690290880557|20.785498309353482) (22.972749999863538|21.772624999960797)
C1419732590185940136310,Z141973259018594013632,2.25,(22.972749999863538|21.772624999960797) (22.81280970884652|22.75975169056811) (20.801559708844042|22.433876690561384) (20.961499999861076|21.446749999953994)
C1419732590185940136311,Z141973259018594013632,2.25,(22.972749999863538|21.772624999960797) (23.132690290880557|20.785498309353482) (21.12144029087811|20.459623309346604) (20.961499999861076|21.446749999953994)
C1419732590185940136312,Z141973259018594013633,2.25,(20.961499999861076|21.446749999953994) (20.801559708844042|22.433876690561384) (18.790309708841594|22.108001690554502) (18.950249999858613|21.12087499994719)
C1419732590185940136313,Z141973259018594013633,2.25,(20.961499999861076|21.446749999953994) (21.12144029087811|20.459623309346604) (19.110190290875632|20.133748309339875) (18.950249999858613|21.12087499994719)
C1419732590185940136314,Z141973259018594013633,2.25,(18.950249999858613|21.12087499994719) (18.790309708841594|22.108001690554502) (16.779059708839124|21.782126690547738) (16.93899999985615|20.794999999940387)
C1419732590185940136315,Z141973259018594013633,2.25,(18.950249999858613|21.12087499994719) (19.110190290875632|20.133748309339875) (17.098940290873177|19.807873309333036) (16.93899999985615|20.794999999940387)
C141973259014197325940,Z141973259014197325940,2.25,(33.02899999987585|23.401999999994814) (32.02900041319546|23.402932291894007) (32.030600511313764|25.119132291792504) (33.03059999989455|25.118199999984768)
C141973259014197325941,Z141973259014197325940,2.25,(33.02899999987585|23.401999999994814) (34.02899958655624|23.40106770809562) (34.03059948847914|25.117267708177028) (33.03059999989455|25.118199999984768)
C141973259014197325942,Z141973259014197325940,2.25,(33.03059999989455|25.118199999984768) (32.030600511313764|25.119132291792504) (32.032200380529176|26.835332291904404) (33.032199999913246|26.83439999997472)
C141973259014197325943,Z141973259014197325940,2.25,(33.03059999989455|25.118199999984768) (34.03059948847914|25.117267708177028) (34.03219961929351|26.833467708045042) (33.032199999913246|26.83439999997472)
C141973259014197325944,Z141973259014197325941,2.25,(33.032199999913246|26.83439999997472) (32.032200380529176|26.835332291904404) (32.03380044595142|28.551532291833382) (33.033799999931944|28.550599999964675)
C141973259014197325945,Z141973259014197325941,2.25,(33.032199999913246|26.83439999997472) (34.03219961929351|26.833467708045042) (34.033799553916275|28.549667708095964) (33.033799999931944|28.550599999964675)
C141973259014197325946,Z141973259014197325941,2.25,(33.033799999931944|28.550599999964675) (32.03380044595142|28.551532291833382) (32.03540038056657|30.26773229188431) (33.03539999995064|30.266799999954628)
C141973259014197325947,Z141973259014197325941,2.25,(33.033799999931944|28.550599999964675) (34.033799553916275|28.549667708095964) (34.0353996193309|30.26586770802495) (33.03539999995064|30.266799999954628)
C141973259014197325948,Z141973259014197325942,2.25,(33.03539999995064|30.266799999954628) (32.03540038056657|30.26773229188431) (32.03700038058908|31.98393229187426) (33.03699999996934|31.98299999994458)
C141973259014197325949,Z141973259014197325942,2.25,(33.03539999995064|30.266799999954628) (34.0353996193309|30.26586770802495) (34.0369996193496|31.982067708014903) (33.03699999996934|31.98299999994458)
C141973259018594013790,Z141973259018594013790,2.25,(33.02899999987585|23.401999999994814) (32.03101102720689|23.46538777817755) (31.919211027193565|21.70518777817079) (32.91719999986253|21.641799999988052)
C141973259018594013791,Z141973259018594013790,2.25,(33.02899999987585|23.401999999994814) (34.02698897254487|23.338612221812074) (33.91518897253155|21.578412221805312) (32.91719999986253|21.641799999988052)
C141973259018594013792,Z141973259018594013790,2.25,(32.91719999986253|21.641799999988052) (31.919211027193565|21.70518777817079) (31.807411027180194|19.94498777816403) (32.805399999849215|19.88159999998129)
C141973259018594013793,Z141973259018594013790,2.25,(32.91719999986253|21.641799999988052) (33.91518897253155|21.578412221805312) (33.803388972518235|19.81821222179855) (32.805399999849215|19.88159999998129)
C141973259018594013794,Z141973259018594013791,2.25,(32.805399999849215|19.88159999998129) (31.807411027180194|19.94498777816403) (31.695611027152893|18.184787778158157) (32.6935999998359|18.12139999997453)
C141973259018594013795,Z141973259018594013791,2.25,(32.805399999849215|19.88159999998129) (33.803388972518235|19.81821222179855) (33.69158897251884|18.058012221790904) (32.6935999998359|18.12139999997453)
C141973259018594013796,Z141973259018594013791,2.25,(32.6935999998359|18.12139999997453) (31.695611027152893|18.184787778158157) (31.583811027146595|16.42458777815095) (32.58179999982258|16.361199999967766)
C141973259018594013797,Z141973259018594013791,2.25,(32.6935999998359|18.12139999997453) (33.69158897251884|18.058012221790904) (33.57978897249856|16.297812221784582) (32.58179999982258|16.361199999967766)
C141973259018594013798,Z141973259018594013792,2.25,(32.58179999982258|16.361199999967766) (31.583811027146595|16.42458777815095) (31.47201102713325|14.664387778144189) (32.46999999980926|14.600999999961005)
C141973259018594013799,Z141973259018594013792,2.25,(32.58179999982258|16.361199999967766) (33.57978897249856|16.297812221784582) (33.467988972485244|14.537612221777822) (32.46999999980926|14.600999999961005)
C141973259418594013710,Z141973259418594013710,2.25,(33.03699999996934|31.98299999994458) (32.87109155789575|32.96914116065571) (30.893758224571428|32.63647449399367) (31.05966666664502|31.650333333282536)
C141973259418594013711,Z141973259418594013710,2.25,(33.03699999996934|31.98299999994458) (33.202908442042926|30.996858839233447) (31.22557510871861|30.6641921725714) (31.05966666664502|31.650333333282536)
C141973259418594013712,Z141973259418594013710,2.25,(31.05966666664502|31.650333333282536) (30.893758224571428|32.63647449399367) (28.916424891247097|32.30380782733171) (29.0823333333207|31.31766666662049)
C141973259418594013713,Z141973259418594013710,2.25,(31.05966666664502|31.650333333282536) (31.22557510871861|30.6641921725714) (29.248241775394305|30.331525505909273) (29.0823333333207|31.31766666662049)
C141973259418594013714,Z141973259418594013711,2.25,(29.0823333333207|31.31766666662049) (28.916424891247097|32.30380782733171) (26.93909155792279|31.97114116066958) (27.10499999999638|30.984999999958443)
C141973259418594013715,Z141973259418594013711,2.25,(29.0823333333207|31.31766666662049) (29.248241775394305|30.331525505909273) (27.27090844206997|29.998858839247312) (27.10499999999638|30.984999999958443)
C141973259418594013716,Z141973259418594013711,2.25,(27.10499999999638|30.984999999958443) (26.93909155792279|31.97114116066958) (24.96175822459847|31.63847449400753) (25.12766666667206|30.652333333296397)
C141973259418594013717,Z141973259418594013711,2.25,(27.10499999999638|30.984999999958443) (27.27090844206997|29.998858839247312) (25.29357510874565|29.666192172585262) (25.12766666667206|30.652333333296397)
C141973259418594013718,Z141973259418594013712,2.25,(25.12766666667206|30.652333333296397) (24.96175822459847|31.63847449400753) (22.984424891274138|31.30580782734557) (23.150333333347742|30.319666666634348)
C141973259418594013719,Z141973259418594013712,2.25,(25.12766666667206|30.652333333296397) (25.29357510874565|29.666192172585262) (23.316241775421346|29.333525505923127) (23.150333333347742|30.319666666634348)
C1419732594185940137110,Z141973259418594013712,2.25,(23.150333333347742|30.319666666634348) (22.984424891274138|31.30580782734557) (21.00709155794984|30.97314116068339) (21.17300000002342|29.9869999999723)
C1419732594185940137111,Z141973259418594013712,2.25,(23.150333333347742|30.319666666634348) (23.316241775421346|29.333525505923127) (21.338908442097004|29.000858839261213) (21.17300000002342|29.9869999999723)
C1419732594185940137112,Z141973259418594013713,2.25,(21.17300000002342|29.9869999999723) (21.00709155794984|30.97314116068339) (19.02975822462551|30.640474494021387) (19.1956666666991|29.654333333310255)
C1419732594185940137113,Z141973259418594013713,2.25,(21.17300000002342|29.9869999999723) (21.338908442097004|29.000858839261213) (19.36157510877269|28.66819217259912) (19.1956666666991|29.654333333310255)
C1419732594185940137114,Z141973259418594013713,2.25,(19.1956666666991|29.654333333310255) (19.02975822462551|30.640474494021387) (17.052424891301186|30.30780782735939) (17.21833333337478|29.32166666664821)
C1419732594185940137115,Z141973259418594013713,2.25,(19.1956666666991|29.654333333310255) (19.36157510877269|28.66819217259912) (17.384241775448377|28.33552550593703) (17.21833333337478|29.32166666664821)
C1419732594185940137116,Z141973259418594013714,2.25,(17.21833333337478|29.32166666664821) (17.052424891301186|30.30780782735939) (15.075091557976874|29.975141160697294) (15.241000000050462|28.988999999986163)
C1419732594185940137117,Z141973259418594013714,2.25,(17.21833333337478|29.32166666664821) (17.384241775448377|28.33552550593703) (15.40690844212405|28.002858839275028) (15.241000000050462|28.988999999986163)
C141973259414197325970,Z141973259414197325970,2.25,(33.03699999996934|31.98299999994458) (34.03274067402325|32.07519821051832) (33.88374067399498|33.68439821052202) (32.887999999947624|33.59219999994889)
C141973259414197325971,Z141973259414197325970,2.25,(33.03699999996934|31.98299999994458) (32.04125932591542|31.890801789370844) (31.89225932590023|33.50000178937576) (32.887999999947624|33.59219999994889)
C141973259414197325972,Z141973259414197325970,2.25,(32.887999999947624|33.59219999994889) (33.88374067399498|33.68439821052202) (33.73474067397326|35.293598210526326) (32.73899999992591|35.201399999953196)
C141973259414197325973,Z141973259414197325970,2.25,(32.887999999947624|33.59219999994889) (31.89225932590023|33.50000178937576) (31.743259325878554|35.109201789380066) (32.73899999992591|35.201399999953196)
C141973259414197325974,Z141973259414197325971,2.25,(32.73899999992591|35.201399999953196) (33.73474067397326|35.293598210526326) (33.585740673977796|36.902798210533064) (32.589999999904194|36.8105999999575)
C141973259414197325975,Z141973259414197325971,2.25,(32.73899999992591|35.201399999953196) (31.743259325878554|35.109201789380066) (31.594259325830674|36.71840178938195) (32.589999999904194|36.8105999999575)
C141973259414197325976,Z141973259414197325971,2.25,(32.589999999904194|36.8105999999575) (33.585740673977796|36.902798210533064) (33.43674067392983|38.51199821053494) (32.44099999988248|38.41979999996181)
C141973259414197325977,Z141973259414197325971,2.25,(32.589999999904194|36.8105999999575) (31.594259325830674|36.71840178938195) (31.445259325835124|38.32760178938868) (32.44099999988248|38.41979999996181)
C141973259414197325978,Z141973259414197325972,2.25,(32.44099999988248|38.41979999996181) (33.43674067392983|38.51199821053494) (33.28774067390812|40.12119821053925) (32.291999999860764|40.02899999996612)
C141973259414197325979,Z141973259414197325972,2.25,(32.44099999988248|38.41979999996181) (31.445259325835124|38.32760178938868) (31.296259325813335|39.93680178939298) (32.291999999860764|40.02899999996612)
C141973259718594013900,Z141973259718594013900,2.25,(32.291999999860764|40.02899999996612) (32.14914385800973|41.018743463059245) (30.07836608023057|40.71985457417496) (30.221222222081604|39.73011111108183)
C141973259718594013901,Z141973259718594013900,2.25,(32.291999999860764|40.02899999996612) (32.4348561417118|39.03925653687299) (30.364078363932638|38.740367647988705) (30.221222222081604|39.73011111108183)
C141973259718594013902,Z141973259718594013900,2.25,(30.221222222081604|39.73011111108183) (30.07836608023057|40.71985457417496) (28.007588302451406|40.42096568529068) (28.15044444430244|39.43122222219755)
C141973259718594013903,Z141973259718594013900,2.25,(30.221222222081604|39.73011111108183) (30.364078363932638|38.740367647988705) (28.293300586153475|38.44147875910442) (28.15044444430244|39.43122222219755)
C141973259718594013904,Z141973259718594013901,2.25,(28.15044444430244|39.43122222219755) (28.007588302451406|40.42096568529068) (25.93681052467226|40.12207679640629) (26.07966666652328|39.13233333331326)
C141973259718594013905,Z141973259718594013901,2.25,(28.15044444430244|39.43122222219755) (28.293300586153475|38.44147875910442) (26.2225228083743|38.14258987022023) (26.07966666652328|39.13233333331326)
C141973259718594013906,Z141973259718594013901,2.25,(26.07966666652328|39.13233333331326) (25.93681052467226|40.12207679640629) (23.866032746893115|39.82318790752191) (24.00888888874412|38.83344444442898)
C141973259718594013907,Z141973259718594013901,2.25,(26.07966666652328|39.13233333331326) (26.2225228083743|38.14258987022023) (24.151745030595126|37.84370098133604) (24.00888888874412|38.83344444442898)
C141973259718594013908,Z141973259718594013902,2.25,(24.00888888874412|38.83344444442898) (23.866032746893115|39.82318790752191) (21.79525496911395|39.524299018637635) (21.938111110964957|38.5345555555447)
C141973259718594013909,Z141973259718594013902,2.25,(24.00888888874412|38.83344444442898) (24.151745030595126|37.84370098133604) (22.080967252815963|37.544812092451764) (21.938111110964957|38.5345555555447)
C1419732597185940139010,Z141973259718594013902,2.25,(21.938111110964957|38.5345555555447) (21.79525496911395|39.524299018637635) (19.724477191334778|39.22541012975344) (19.867333333185798|38.235666666660414)
C1419732597185940139011,Z141973259718594013902,2.25,(21.938111110964957|38.5345555555447) (22.080967252815963|37.544812092451764) (20.010189475036817|37.24592320356738) (19.867333333185798|38.235666666660414)
C1419732597185940139012,Z141973259718594013903,2.25,(19.867333333185798|38.235666666660414) (19.724477191334778|39.22541012975344) (17.6536994135556|38.926521240869256) (17.796555555406634|37.93677777777613)
C1419732597185940139013,Z141973259718594013903,2.25,(19.867333333185798|38.235666666660414) (20.010189475036817|37.24592320356738) (17.93941169725767|36.947034314683) (17.796555555406634|37.93677777777613)
C1419732597185940139014,Z141973259718594013903,2.25,(17.796555555406634|37.93677777777613) (17.6536994135556|38.926521240869256) (15.582921635776442|38.62763235198497) (15.725777777627476|37.637888888891844)
C1419732597185940139015,Z141973259718594013903,2.25,(17.796555555406634|37.93677777777613) (17.93941169725767|36.947034314683) (15.86863391947851|36.64814542579872) (15.725777777627476|37.637888888891844)
C1419732597185940139016,Z141973259718594013904,2.25,(15.725777777627476|37.637888888891844) (15.582921635776442|38.62763235198497) (13.51214385799728|38.32874346310069) (13.654999999848314|37.33900000000756)
C1419732597185940139017,Z141973259718594013904,2.25,(15.725777777627476|37.637888888891844) (15.86863391947851|36.64814542579872) (13.797856141699349|36.34925653691443) (13.654999999848314|37.33900000000756)
C185940136318352034930,Z185940136318352034930,2.25,(16.93899999985615|20.794999999940387) (16.786186581390737|21.783255057674424) (14.861586581395455|21.4856550576783) (15.01439999986087|20.497399999944264)
C185940136318352034931,Z185940136318352034930,2.25,(16.93899999985615|20.794999999940387) (17.091813418321564|19.80674494220635) (15.167213418326286|19.509144942210227) (15.01439999986087|20.497399999944264)
C185940136318352034932,Z185940136318352034930,2.25,(15.01439999986087|20.497399999944264) (14.861586581395455|21.4856550576783) (12.93698658140017|21.188055057682213) (13.08979999986559|20.19979999994814)
C185940136318352034933,Z185940136318352034930,2.25,(15.01439999986087|20.497399999944264) (15.167213418326286|19.509144942210227) (13.242613418331011|19.21154494221407) (13.08979999986559|20.19979999994814)
C185940136318352034934,Z185940136318352034931,2.25,(13.08979999986559|20.19979999994814) (12.93698658140017|21.188055057682213) (11.01238658140489|20.89045505768609) (11.16519999987031|19.902199999952018)
C185940136318352034935,Z185940136318352034931,2.25,(13.08979999986559|20.19979999994814) (13.242613418331011|19.21154494221407) (11.318013418335731|18.913944942217945) (11.16519999987031|19.902199999952018)
C185940136318352034936,Z185940136318352034931,2.25,(11.16519999987031|19.902199999952018) (11.01238658140489|20.89045505768609) (9.08778658140961|20.592855057689967) (9.24059999987503|19.604599999955894)
C185940136318352034937,Z185940136318352034931,2.25,(11.16519999987031|19.902199999952018) (11.318013418335731|18.913944942217945) (9.393413418340451|18.616344942221822) (9.24059999987503|19.604599999955894)
C185940136318352034938,Z185940136318352034932,2.25,(9.24059999987503|19.604599999955894) (9.08778658140961|20.592855057689967) (7.163186581414329|20.295255057693844) (7.31599999987975|19.30699999995977)
C185940136318352034939,Z185940136318352034932,2.25,(9.24059999987503|19.604599999955894) (9.393413418340451|18.616344942221822) (7.468813418345172|18.3187449422257) (7.31599999987975|19.30699999995977)
C185940136318594013840,Z185940136318594013840,2.25,(16.93899999985615|20.794999999940387) (17.910108149803854|21.033639814522676) (18.30810814982305|19.414039814524944) (17.33699999987448|19.175399999942442)
C185940136318594013841,Z185940136318594013840,2.25,(16.93899999985615|20.794999999940387) (15.967891849908433|20.556360185358095) (16.36589184992591|18.93676018535994) (17.33699999987448|19.175399999942442)
C185940136318594013842,Z185940136318594013840,2.25,(17.33699999987448|19.175399999942442) (18.30810814982305|19.414039814524944) (18.706108149841825|17.79443981452711) (17.734999999892807|17.555799999944497)
C185940136318594013843,Z185940136318594013840,2.25,(17.33699999987448|19.175399999942442) (16.36589184992591|18.93676018535994) (16.763891849943803|17.31716018536189) (17.734999999892807|17.555799999944497)
C185940136318594013844,Z185940136318594013841,2.25,(17.734999999892807|17.555799999944497) (18.706108149841825|17.79443981452711) (19.10410814985949|16.174839814529) (18.132999999911135|15.936199999946552)
C185940136318594013845,Z185940136318594013841,2.25,(17.734999999892807|17.555799999944497) (16.763891849943803|17.31716018536189) (17.161891849962775|15.697560185364102) (18.132999999911135|15.936199999946552)
C185940136318594013846,Z185940136318594013841,2.25,(18.132999999911135|15.936199999946552) (19.10410814985949|16.174839814529) (19.50210814987804|14.555239814531111) (18.530999999929463|14.316599999948608)
C185940136318594013847,Z185940136318594013841,2.25,(18.132999999911135|15.936199999946552) (17.161891849962775|15.697560185364102) (17.559891849980893|14.077960185366106) (18.530999999929463|14.316599999948608)
C185940136318594013848,Z185940136318594013842,2.25,(18.530999999929463|14.316599999948608) (19.50210814987804|14.555239814531111) (19.900108149896152|12.935639814533113) (18.92899999994779|12.696999999950663)
C185940136318594013849,Z185940136318594013842,2.25,(18.530999999929463|14.316599999948608) (17.559891849980893|14.077960185366106) (17.957891849999438|12.458360185368214) (18.92899999994779|12.696999999950663)
C185940136318594013710,Z185940136318594013710,2.25,(16.93899999985615|20.794999999940387) (17.91819660030636|20.99791381826659) (17.57859660034522|22.636713818275744) (16.599399999895013|22.433799999949542)
C185940136318594013711,Z185940136318594013710,2.25,(16.93899999985615|20.794999999940387) (15.959803399405958|20.59208618161419) (15.62020339944482|22.230886181623344) (16.599399999895013|22.433799999949542)
C185940136318594013712,Z185940136318594013710,2.25,(16.599399999895013|22.433799999949542) (17.57859660034522|22.636713818275744) (17.23899660038345|24.275513818284768) (16.259799999933875|24.072599999958697)
C185940136318594013713,Z185940136318594013710,2.25,(16.599399999895013|22.433799999949542) (15.62020339944482|22.230886181623344) (15.2806033994843|23.869686181632627) (16.259799999933875|24.072599999958697)
C185940136318594013714,Z185940136318594013711,2.25,(16.259799999933875|24.072599999958697) (17.23899660038345|24.275513818284768) (16.899396600422314|25.914313818293923) (15.920199999972738|25.711399999967853)
C185940136318594013715,Z185940136318594013711,2.25,(16.259799999933875|24.072599999958697) (15.2806033994843|23.869686181632627) (14.941003399523161|25.508486181641782) (15.920199999972738|25.711399999967853)
C185940136318594013716,Z185940136318594013711,2.25,(15.920199999972738|25.711399999967853) (16.899396600422314|25.914313818293923) (16.55979660045994|27.553113818302823) (15.5806000000116|27.350199999977008)
C185940136318594013717,Z185940136318594013711,2.25,(15.920199999972738|25.711399999967853) (14.941003399523161|25.508486181641782) (14.601403399563258|27.147286181651193) (15.5806000000116|27.350199999977008)
C185940136318594013718,Z185940136318594013712,2.25,(15.5806000000116|27.350199999977008) (16.55979660045994|27.553113818302823) (16.220196600498802|29.191913818311978) (15.241000000050462|28.988999999986163)
C185940136318594013719,Z185940136318594013712,2.25,(15.5806000000116|27.350199999977008) (14.601403399563258|27.147286181651193) (14.26180339960212|28.786086181660348) (15.241000000050462|28.988999999986163)
C185940137118594013900,Z185940137118594013900,2.25,(15.241000000050462|28.988999999986163) (16.22343523806765|29.17560386677537) (15.906235238027241|30.84560386677965) (14.923800000010033|30.658999999990442)
C185940137118594013901,Z185940137118594013900,2.25,(15.241000000050462|28.988999999986163) (14.258564762033254|28.802396133196954) (13.941364761992824|30.472396133201233) (14.923800000010033|30.658999999990442)
C185940137118594013902,Z185940137118594013900,2.25,(14.923800000010033|30.658999999990442) (15.906235238027241|30.84560386677965) (15.58903523798829|32.51560386678421) (14.606599999969603|32.32899999999472)
C185940137118594013903,Z185940137118594013900,2.25,(14.923800000010033|30.658999999990442) (13.941364761992824|30.472396133201233) (13.624164761950917|32.14239613320523) (14.606599999969603|32.32899999999472)
C185940137118594013904,Z185940137118594013901,2.25,(14.606599999969603|32.32899999999472) (15.58903523798829|32.51560386678421) (15.271835237941874|34.18560386678735) (14.289399999929174|33.998999999999)
C185940137118594013905,Z185940137118594013901,2.25,(14.606599999969603|32.32899999999472) (13.624164761950917|32.14239613320523) (13.306964761916454|33.81239613321064) (14.289399999929174|33.998999999999)
C185940137118594013906,Z185940137118594013901,2.25,(14.289399999929174|33.998999999999) (15.271835237941874|34.18560386678735) (14.954635237904474|35.85560386679221) (13.972199999888744|35.66900000000328)
C185940137118594013907,Z185940137118594013901,2.25,(14.289399999929174|33.998999999999) (13.306964761916454|33.81239613321064) (12.989764761873051|35.48239613321436) (13.972199999888744|35.66900000000328)
C185940137118594013908,Z185940137118594013902,2.25,(13.972199999888744|35.66900000000328) (14.954635237904474|35.85560386679221) (14.637435237867|37.52560386679705) (13.654999999848314|37.33900000000756)
C185940137118594013909,Z185940137118594013902,2.25,(13.972199999888744|35.66900000000328) (12.989764761873051|35.48239613321436) (12.672564761829628|37.15239613321807) (13.654999999848314|37.33900000000756)
C185940137918594013840,Z185940137918594013840,2.25,(32.46999999980926|14.600999999961005) (32.330759734974556|15.591258627112898) (30.396331163565776|15.319258627111418) (30.53557142840048|14.328999999959526)
C185940137918594013841,Z185940137918594013840,2.25,(32.46999999980926|14.600999999961005) (32.609240264643965|13.61074137280911) (30.674811693235185|13.338741372807633) (30.53557142840048|14.328999999959526)
C185940137918594013842,Z185940137918594013840,2.25,(30.53557142840048|14.328999999959526) (30.396331163565776|15.319258627111418) (28.461902592156992|15.047258627109944) (28.601142856991697|14.05699999995805)
C185940137918594013843,Z185940137918594013840,2.25,(30.53557142840048|14.328999999959526) (30.674811693235185|13.338741372807633) (28.7403831218264|13.066741372806156) (28.601142856991697|14.05699999995805)
C185940137918594013844,Z185940137918594013841,2.25,(28.601142856991697|14.05699999995805) (28.461902592156992|15.047258627109944) (26.527474020748212|14.775258627108464) (26.666714285582916|13.784999999956572)
C185940137918594013845,Z185940137918594013841,2.25,(28.601142856991697|14.05699999995805) (28.7403831218264|13.066741372806156) (26.80595455041762|12.794741372804678) (26.666714285582916|13.784999999956572)
C185940137918594013846,Z185940137918594013841,2.25,(26.666714285582916|13.784999999956572) (26.527474020748212|14.775258627108464) (24.59304544933943|14.503258627106987) (24.732285714174136|13.512999999955095)
C185940137918594013847,Z185940137918594013841,2.25,(26.666714285582916|13.784999999956572) (26.80595455041762|12.794741372804678) (24.87152597900884|12.522741372803202) (24.732285714174136|13.512999999955095)
C185940137918594013848,Z185940137918594013842,2.25,(24.732285714174136|13.512999999955095) (24.59304544933943|14.503258627106987) (22.658616877930648|14.231258627105523) (22.797857142765356|13.240999999953617)
C185940137918594013849,Z185940137918594013842,2.25,(24.732285714174136|13.512999999955095) (24.87152597900884|12.522741372803202) (22.93709740760006|12.250741372801714) (22.797857142765356|13.240999999953617)
C1859401379185940138410,Z185940137918594013842,2.25,(22.797857142765356|13.240999999953617) (22.658616877930648|14.231258627105523) (20.724188306521867|13.959258627104033) (20.86342857135657|12.96899999995214)
C1859401379185940138411,Z185940137918594013842,2.25,(22.797857142765356|13.240999999953617) (22.93709740760006|12.250741372801714) (21.002668836191276|11.978741372800247) (20.86342857135657|12.96899999995214)
C1859401379185940138412,Z185940137918594013843,2.25,(20.86342857135657|12.96899999995214) (20.724188306521867|13.959258627104033) (18.789759735113083|13.687258627102569) (18.92899999994779|12.696999999950663)
C1859401379185940138413,Z185940137918594013843,2.25,(20.86342857135657|12.96899999995214) (21.002668836191276|11.978741372800247) (19.068240264782496|11.706741372798758) (18.92899999994779|12.696999999950663)
C185940138418594013860,Z185940138418594013860,2.25,(18.92899999994779|12.696999999950663) (19.9137786638386|12.87081306949559) (20.199778663856147|11.250413069502624) (19.214999999964675|11.07659999995758)
C185940138418594013861,Z185940138418594013860,2.25,(18.92899999994779|12.696999999950663) (17.944221336056977|12.523186930405734) (18.230221336073214|10.902786930412537) (19.214999999964675|11.07659999995758)
C185940138418594013862,Z185940138418594013860,2.25,(19.214999999964675|11.07659999995758) (20.199778663856147|11.250413069502624) (20.485778663872697|9.630013069509483) (19.50099999998156|9.456199999964497)
C185940138418594013863,Z185940138418594013860,2.25,(19.214999999964675|11.07659999995758) (18.230221336073214|10.902786930412537) (18.516221336090414|9.28238693041951) (19.50099999998156|9.456199999964497)
C185940138418594013864,Z185940138418594013861,2.25,(19.50099999998156|9.456199999964497) (20.485778663872697|9.630013069509483) (20.771778663889698|8.00961306951642) (19.786999999998443|7.835799999971414)
C185940138418594013865,Z185940138418594013861,2.25,(19.50099999998156|9.456199999964497) (18.516221336090414|9.28238693041951) (18.802221336107188|7.661986930426408) (19.786999999998443|7.835799999971414)
C185940138418594013866,Z185940138418594013861,2.25,(19.786999999998443|7.835799999971414) (20.771778663889698|8.00961306951642) (21.057778663906582|6.389213069523337) (20.073000000015327|6.215399999978331)
C185940138418594013867,Z185940138418594013861,2.25,(19.786999999998443|7.835799999971414) (18.802221336107188|7.661986930426408) (19.08822133612407|6.041586930433325) (20.073000000015327|6.215399999978331)
C185940138418594013868,Z185940138418594013862,2.25,(20.073000000015327|6.215399999978331) (21.057778663906582|6.389213069523337) (21.34377866392341|4.768813069530244) (20.35900000003221|4.594999999985248)
C185940138418594013869,Z185940138418594013862,2.25,(20.073000000015327|6.215399999978331) (19.08822133612407|6.041586930433325) (19.374221336141012|4.421186930440252) (20.35900000003221|4.594999999985248)
C614739347021370705810,Z614739347021370705810,2.25,(34.206999999857544|5.8059999999973115) (34.32129040687178|6.7994473830350435) (34.54729040681278|6.773447383015425) (34.43299999979854|5.77999999997769)
C614739347021370705811,Z614739347021370705810,2.25,(34.206999999857544|5.8059999999973115) (34.092709592843306|4.81255261695958) (34.3187095927843|4.786552616939956) (34.43299999979854|5.77999999997769)
C614739347020392096320,Z614739347020392096320,2.25,(34.206999999857544|5.8059999999973115) (34.275755823369025|6.8036335182459995) (33.53575582353204|6.854633518202501) (33.46700000002056|5.856999999953814)
C614739347020392096321,Z614739347020392096320,2.25,(34.206999999857544|5.8059999999973115) (34.13824417634606|4.808366481748624) (33.39824417650908|4.859366481705126) (33.46700000002056|5.856999999953814)
C2818714518337583560,Z2818714518337583560,2.25,(38.126999999908094|8.119999999967263) (37.136184637272365|8.255221733297141) (37.41418463725222|10.292221733298593) (38.40499999988833|10.156999999968662)
C2818714518337583561,Z2818714518337583560,2.25,(38.126999999908094|8.119999999967263) (39.117815362543816|7.9847782666373845) (39.39581536252443|10.021778266638732) (38.40499999988833|10.156999999968662)
C2818714518337583562,Z2818714518337583560,2.25,(38.40499999988833|10.156999999968662) (37.41418463725222|10.292221733298593) (37.69218463723321|12.329221733299889) (38.68299999986857|12.19399999997006)
C2818714518337583563,Z2818714518337583560,2.25,(38.40499999988833|10.156999999968662) (39.39581536252443|10.021778266638732) (39.673815362503944|12.05877826664023) (38.68299999986857|12.19399999997006)
C183375835618337583670,Z183375835618337583670,2.25,(38.68299999986857|12.19399999997006) (37.71116387104613|12.429657672698356) (37.94516387108084|13.39465767267776) (38.916999999903055|13.158999999949517)
C183375835618337583671,Z183375835618337583670,2.25,(38.68299999986857|12.19399999997006) (39.65483612869101|11.958342327241764) (39.888836128725266|12.923342327221276) (38.916999999903055|13.158999999949517)
C183375835618337583610,Z183375835618337583610,2.25,(38.68299999986857|12.19399999997006) (39.40682174981305|12.883987010215435) (38.83582174989044|13.482987010252087) (38.11199999994597|12.793000000006714)
C183375835618337583611,Z183375835618337583610,2.25,(38.68299999986857|12.19399999997006) (37.9591782499241|11.504012989724687) (37.3881782500015|12.103012989761341) (38.11199999994597|12.793000000006714)
C183375836118337583670,Z183375836118337583670,2.25,(38.11199999994597|12.793000000006714) (37.69811185707366|13.703327746035438) (38.503111857030746|14.069327745978239) (38.916999999903055|13.158999999949517)
C183375836118337583671,Z183375836118337583670,2.25,(38.11199999994597|12.793000000006714) (38.52588814281828|11.882672253977992) (39.330888142775365|12.248672253920795) (38.916999999903055|13.158999999949517)
C183375836118337583680,Z183375836118337583680,2.25,(38.11199999994597|12.793000000006714) (38.1845499582081|13.790364779591485) (36.498216624850144|13.913031446246876) (36.425666666588015|12.915666666662105)
C183375836118337583681,Z183375836118337583680,2.25,(38.11199999994597|12.793000000006714) (38.03945004168384|11.795635220421945) (36.353116708325885|11.918301887077336) (36.425666666588015|12.915666666662105)
C183375836118337583682,Z183375836118337583680,2.25,(36.425666666588015|12.915666666662105) (36.498216624850144|13.913031446246876) (34.81188329149218|14.035698112902251) (34.73933333323006|13.038333333317496)
C183375836118337583683,Z183375836118337583680,2.25,(36.425666666588015|12.915666666662105) (36.353116708325885|11.918301887077336) (34.666783374967935|12.040968553732739) (34.73933333323006|13.038333333317496)
C183375836118337583684,Z183375836118337583681,2.25,(34.73933333323006|13.038333333317496) (34.81188329149218|14.035698112902251) (33.12554995813423|14.158364779557658) (33.0529999998721|13.160999999972887)
C183375836118337583685,Z183375836118337583681,2.25,(34.73933333323006|13.038333333317496) (34.666783374967935|12.040968553732739) (32.98045004160997|12.163635220388118) (33.0529999998721|13.160999999972887)
